********************************************************************************************************
| AMT8520 [SSD Interface Tester] : 20121011                                                            |
| Thread Step Info File                                                                                |
| DIVISION  : AMT Coporation                                                                           |
| File Name : D:\Work\AMT_Program\AMT8520\버전별프로그램\AMT8520 Working\AMT8520_Handler_1024\Step_back |
| Save Time : 2012/10/27 21:25:51                                                                      |
********************************************************************************************************
+==========================+=============================================================================================================================+
|  Step Trace              |                                                    History                                                                  |
+==========================+=============================================================================================================================+
|  Step 00 Change LastDate |                                                                                                           12/10/27 21:09:40 |
+--------------------------+-----------------------------------------------------------------------------------------------------------------------------+
|  Step 00 before History  |00000,00005,00000,00005,00000,00005,00000,00005,00000,00005,00000,00005,00000,00005,00000,00005,00000,00005,00000,00005,00000|
|                          |00005,00000,00005,00000,00005,00000,00005,00000,00005,00000,00005,00000,00005,00000,00005,00000,00005,00000,00005,00000,00005|
|                          |00000,00005,00000,00005,00000,00005,00000,00005,00000,00005,00000,00005,00000,00005,00000,00005,00000,00005,00000,00005,00000|
+--------------------------+-----------------------------------------------------------------------------------------------------------------------------+
|  Step 00 History         |00005,00000,00005,00000,00005,00000,00005,00000,00005,00000,00005,00000,00006,00000,00008,00000,00009,00000,
+--------------------------+-----------------------------------------------------------------------------------------------------------------------------+
|  Step 01 Change LastDate |                                                                                                           12/10/27 21:09:53 |
+--------------------------+-----------------------------------------------------------------------------------------------------------------------------+
|  Step 01 before History  |00000,00009,00000,00009,00000,00009,00000,00009,00000,00009,00000,00009,00000,00009,00000,00009,00010,00000,00010,00000,00010|
|                          |00000,00010,00000,00010,00000,00010,00000,00010,00000,00010,00000,00010,00000,00010,00000,00010,00000,00010,00000,00010,00000|
|                          |00010,00000,00010,00000,00010,00000,00010,00000,00010,00000,00010,00000,00010,00000,00010,00000,00010,00000,00010,00000,00010|
+--------------------------+-----------------------------------------------------------------------------------------------------------------------------+
|  Step 01 History         |00000,00010,00000,00010,00000,00010,00000,00010,00000,00010,00000,00010,00000,00010,00000,00010,00000,00010,00000,00010,00000|
|                          |00010,00000,00010,00000,00010,00000,00010,00000,00010,00000,00010,00000,00010,00000,00010,00000,00010,00000,00011,00000,00011|
|                          |00000,00011,00000,00011,00000,00011,00000,00011,00000,00011,00000,00011,00000,00011,00000,00011,00000,
+--------------------------+-----------------------------------------------------------------------------------------------------------------------------+
|  Step 02 Change LastDate |                                                                                                                             |
+--------------------------+-----------------------------------------------------------------------------------------------------------------------------+
|  Step 02 History         |                                                                                                                             |
+--------------------------+-----------------------------------------------------------------------------------------------------------------------------+
|  Step 03 Change LastDate |                                                                                                           12/10/27 21:09:40 |
+--------------------------+-----------------------------------------------------------------------------------------------------------------------------+
|  Step 03 before History  |00005,00000,00005,00000,00005,00000,00005,00000,00005,00000,00005,00000,00005,00000,00005,00000,00005,00000,00005,00000,00005|
|                          |00000,00005,00000,00005,00000,00005,00000,00005,00000,00005,00000,00005,00000,00005,00000,00005,00000,00005,00000,00005,00000|
|                          |00005,00000,00005,00000,00005,00000,00005,00000,00005,00000,00005,00000,00005,00000,00005,00000,00005,00000,00005,00000,00005|
+--------------------------+-----------------------------------------------------------------------------------------------------------------------------+
|  Step 03 History         |00000,00005,00000,00005,00000,00005,00000,00005,00000,00008,00000,00011,00000,
+--------------------------+-----------------------------------------------------------------------------------------------------------------------------+
|  Step 04 Change LastDate |                                                                                                           12/10/27 21:09:52 |
+--------------------------+-----------------------------------------------------------------------------------------------------------------------------+
|  Step 04 before History  |00001,00002,00003,00000,00001,00002,00003,00000,00001,00002,00003,00000,00001,00002,00003,00000,00001,00002,00003,00000,00001|
|                          |00002,00003,00000,00001,00002,00003,00000,00001,00002,00003,00000,00001,00002,00003,00000,00001,00002,00003,00000,00001,00002|
|                          |00003,00000,00001,00002,00003,00000,00001,00002,00003,00000,00001,00002,00003,00000,00001,00002,00003,00000,00001,00002,00003|
+--------------------------+-----------------------------------------------------------------------------------------------------------------------------+
|  Step 04 History         |                                                                                                                             |
+--------------------------+-----------------------------------------------------------------------------------------------------------------------------+
|  Step 05 Change LastDate |                                                                                                           12/10/27 21:09:51 |
+--------------------------+-----------------------------------------------------------------------------------------------------------------------------+
|  Step 05 before History  |00001,00002,00003,00002,00003,00000,00001,00002,00003,00000,00001,00002,00003,00000,00001,00002,00003,00000,00001,00002,00003|
|                          |00002,00003,00002,00003,00002,00003,00002,00003,00002,00003,00002,00003,00002,00003,00002,00003,00002,00003,00002,00003,00002|
|                          |00003,00002,00003,00002,00003,00002,00003,00000,00001,00002,00003,00000,00001,00002,00003,00000,00001,00002,00003,00002,00003|
+--------------------------+-----------------------------------------------------------------------------------------------------------------------------+
|  Step 05 History         |00002,00003,00002,00003,00002,00003,00002,00003,00002,00003,00000,00001,00002,00003,00002,00003,00000,00001,00002,00003,
+--------------------------+-----------------------------------------------------------------------------------------------------------------------------+
|  Step 06 Change LastDate |                                                                                                           12/10/27 21:09:53 |
+--------------------------+-----------------------------------------------------------------------------------------------------------------------------+
|  Step 06 History         |00001,00002,00003,00000,00001,00002,00003,00000,00001,00002,00003,00000,00001,00002,00003,00000,00001,00002,00003,00000,00001|
|                          |00002,00003,00000,00001,00002,00003,00000,00001,00002,00003,00000,00001,00002,00003,00000,00001,00002,00003,
+--------------------------+-----------------------------------------------------------------------------------------------------------------------------+
|  Step 07 Change LastDate |                                                                                                           12/10/27 21:09:29 |
+--------------------------+-----------------------------------------------------------------------------------------------------------------------------+
|  Step 07 History         |00001,00002,00003,00000,00001,00002,00003,00000,00001,00002,00003,00000,00001,00002,00003,00000,00001,00002,00003,
+--------------------------+-----------------------------------------------------------------------------------------------------------------------------+
|  Step 08 Change LastDate |                                                                                                           12/10/27 21:09:29 |
+--------------------------+-----------------------------------------------------------------------------------------------------------------------------+
|  Step 08 History         |00001,00002,00003,00000,00001,00002,00003,00000,00001,00002,00003,00000,00001,00002,00003,00000,00001,00002,00003,
+--------------------------+-----------------------------------------------------------------------------------------------------------------------------+
|  Step 09 Change LastDate |                                                                                                                             |
+--------------------------+-----------------------------------------------------------------------------------------------------------------------------+
|  Step 09 History         |                                                                                                                             |
+--------------------------+-----------------------------------------------------------------------------------------------------------------------------+
|  Step 10 Change LastDate |                                                                                                                             |
+--------------------------+-----------------------------------------------------------------------------------------------------------------------------+
|  Step 10 History         |                                                                                                                             |
+--------------------------+-----------------------------------------------------------------------------------------------------------------------------+
|  Step 11 Change LastDate |                                                                                                                             |
+--------------------------+-----------------------------------------------------------------------------------------------------------------------------+
|  Step 11 History         |                                                                                                                             |
+--------------------------+-----------------------------------------------------------------------------------------------------------------------------+
|  Step 12 Change LastDate |                                                                                                                             |
+--------------------------+-----------------------------------------------------------------------------------------------------------------------------+
|  Step 12 History         |                                                                                                                             |
+--------------------------+-----------------------------------------------------------------------------------------------------------------------------+
|  Step 13 Change LastDate |                                                                                                                             |
+--------------------------+-----------------------------------------------------------------------------------------------------------------------------+
|  Step 13 History         |                                                                                                                             |
+--------------------------+-----------------------------------------------------------------------------------------------------------------------------+
|  Step 14 Change LastDate |                                                                                                                             |
+--------------------------+-----------------------------------------------------------------------------------------------------------------------------+
|  Step 14 History         |                                                                                                                             |
+--------------------------+-----------------------------------------------------------------------------------------------------------------------------+
|  Step 15 Change LastDate |                                                                                                                             |
+--------------------------+-----------------------------------------------------------------------------------------------------------------------------+
|  Step 15 History         |                                                                                                                             |
+--------------------------+-----------------------------------------------------------------------------------------------------------------------------+
|  Step 16 Change LastDate |                                                                                                                             |
+--------------------------+-----------------------------------------------------------------------------------------------------------------------------+
|  Step 16 History         |                                                                                                                             |
+--------------------------+-----------------------------------------------------------------------------------------------------------------------------+
|  Step 17 Change LastDate |                                                                                                                             |
+--------------------------+-----------------------------------------------------------------------------------------------------------------------------+
|  Step 17 History         |                                                                                                                             |
+--------------------------+-----------------------------------------------------------------------------------------------------------------------------+
|  Step 18 Change LastDate |                                                                                                                             |
+--------------------------+-----------------------------------------------------------------------------------------------------------------------------+
|  Step 18 History         |                                                                                                                             |
+--------------------------+-----------------------------------------------------------------------------------------------------------------------------+
|  Step 19 Change LastDate |                                                                                                                             |
+--------------------------+-----------------------------------------------------------------------------------------------------------------------------+
|  Step 19 History         |                                                                                                                             |
+--------------------------+-----------------------------------------------------------------------------------------------------------------------------+
|  Step 20 Change LastDate |                                                                                                           12/10/27 21:09:53 |
+--------------------------+-----------------------------------------------------------------------------------------------------------------------------+
|  Step 20 before History  |00006,00007,00008,00010,00012,00013,00014,00015,00016,00017,00018,00019,00021,00001,00002,00005,00006,00007,00008,00010,00012|
|                          |00013,00014,00015,00016,00017,00018,00019,00021,00001,00002,00005,00006,00007,00008,00010,00012,00013,00014,00015,00016,00017|
|                          |00018,00019,00020,00021,00022,00023,00026,00032,00033,00034,00035,00036,00037,00039,00040,00041,00042,00043,00044,00045,00046|
+--------------------------+-----------------------------------------------------------------------------------------------------------------------------+
|  Step 20 History         |00047,00048,
+--------------------------+-----------------------------------------------------------------------------------------------------------------------------+
|  Step 21 Change LastDate |                                                                                                           12/10/27 21:09:53 |
+--------------------------+-----------------------------------------------------------------------------------------------------------------------------+
|  Step 21 before History  |00006,00007,00008,00010,00012,00013,00014,00015,00016,00017,00018,00019,00021,00001,00002,00005,00006,00007,00008,00010,00012|
|                          |00013,00014,00015,00016,00017,00018,00019,00021,00001,00002,00005,00006,00007,00008,00010,00012,00013,00014,00015,00016,00017|
|                          |00018,00019,00020,00021,00022,00023,00026,00032,00033,00034,00035,00036,00037,00039,00040,00041,00042,00043,00044,00045,00046|
+--------------------------+-----------------------------------------------------------------------------------------------------------------------------+
|  Step 21 History         |00047,00048,
+--------------------------+-----------------------------------------------------------------------------------------------------------------------------+
|  Step 22 Change LastDate |                                                                                                           12/10/27 21:09:51 |
+--------------------------+-----------------------------------------------------------------------------------------------------------------------------+
|  Step 22 History         |00001,00002,00003,00000,00001,00002,00003,00000,00001,00002,00003,00000,00001,00002,00003,00000,00001,00002,00003,00000,00001|
|                          |00002,00003,00000,00001,00002,00003,00000,00001,00002,00003,00000,00001,00002,00003,00000,00001,00002,00003,00000,00001,00002|
|                          |00003,00000,00001,00002,00003,
+--------------------------+-----------------------------------------------------------------------------------------------------------------------------+
|  Step 23 Change LastDate |                                                                                                           12/10/27 21:08:42 |
+--------------------------+-----------------------------------------------------------------------------------------------------------------------------+
|  Step 23 History         |00001,00002,00003,
+--------------------------+-----------------------------------------------------------------------------------------------------------------------------+
|  Step 24 Change LastDate |                                                                                                           12/10/27 21:09:54 |
+--------------------------+-----------------------------------------------------------------------------------------------------------------------------+
|  Step 24 before History  |00001,00002,00003,00000,00001,00002,00003,00000,00001,00002,00003,00000,00001,00002,00003,00000,00001,00002,00003,00000,00001|
|                          |00002,00003,00000,00001,00002,00003,00000,00001,00002,00003,00000,00001,00002,00003,00000,00001,00002,00003,00000,00001,00002|
|                          |00003,00000,00001,00002,00003,00000,00001,00002,00003,00000,00001,00002,00003,00000,00001,00002,00003,00000,00001,00002,00003|
+--------------------------+-----------------------------------------------------------------------------------------------------------------------------+
|  Step 24 History         |00000,00001,00002,00003,00000,00001,00002,00003,00000,00001,00002,00003,00000,00001,00002,00003,
+--------------------------+-----------------------------------------------------------------------------------------------------------------------------+
|  Step 25 Change LastDate |                                                                                                           12/10/27 21:09:51 |
+--------------------------+-----------------------------------------------------------------------------------------------------------------------------+
|  Step 25 before History  |00001,00002,00003,00000,00001,00002,00003,00000,00001,00002,00003,00000,00001,00002,00003,00000,00001,00002,00003,00000,00001|
|                          |00002,00003,00000,00001,00002,00003,00000,00001,00002,00003,00000,00001,00002,00003,00000,00001,00002,00003,00000,00001,00002|
|                          |00003,00000,00001,00002,00003,00000,00001,00002,00003,00000,00001,00002,00003,00000,00001,00002,00003,00000,00001,00002,00003|
+--------------------------+-----------------------------------------------------------------------------------------------------------------------------+
|  Step 25 History         |00000,00001,00002,00003,00000,00001,00002,00003,
+--------------------------+-----------------------------------------------------------------------------------------------------------------------------+
|  Step 26 Change LastDate |                                                                                                           12/10/27 21:09:54 |
+--------------------------+-----------------------------------------------------------------------------------------------------------------------------+
|  Step 26 before History  |00001,00002,00003,00000,00001,00002,00003,00000,00001,00002,00003,00000,00001,00002,00003,00000,00001,00002,00003,00000,00001|
|                          |00002,00003,00000,00001,00002,00003,00000,00001,00002,00003,00000,00001,00002,00003,00000,00001,00002,00003,00000,00001,00002|
|                          |00003,00000,00001,00002,00003,00000,00001,00002,00003,00000,00001,00002,00003,00000,00001,00002,00003,00000,00001,00002,00003|
+--------------------------+-----------------------------------------------------------------------------------------------------------------------------+
|  Step 26 History         |00000,00001,00002,00003,00000,00001,00002,00003,00000,00001,00002,00003,00000,00001,00002,00003,
+--------------------------+-----------------------------------------------------------------------------------------------------------------------------+
|  Step 27 Change LastDate |                                                                                                           12/10/27 21:09:51 |
+--------------------------+-----------------------------------------------------------------------------------------------------------------------------+
|  Step 27 before History  |00001,00002,00003,00000,00001,00002,00003,00000,00001,00002,00003,00000,00001,00002,00003,00000,00001,00002,00003,00000,00001|
|                          |00002,00003,00000,00001,00002,00003,00000,00001,00002,00003,00000,00001,00002,00003,00000,00001,00002,00003,00000,00001,00002|
|                          |00003,00000,00001,00002,00003,00000,00001,00002,00003,00000,00001,00002,00003,00000,00001,00002,00003,00000,00001,00002,00003|
+--------------------------+-----------------------------------------------------------------------------------------------------------------------------+
|  Step 27 History         |00000,00001,00002,00003,00000,00001,00002,00003,
+--------------------------+-----------------------------------------------------------------------------------------------------------------------------+
|  Step 28 Change LastDate |                                                                                                                             |
+--------------------------+-----------------------------------------------------------------------------------------------------------------------------+
|  Step 28 History         |                                                                                                                             |
+--------------------------+-----------------------------------------------------------------------------------------------------------------------------+
|  Step 29 Change LastDate |                                                                                                                             |
+--------------------------+-----------------------------------------------------------------------------------------------------------------------------+
|  Step 29 History         |                                                                                                                             |
+--------------------------+-----------------------------------------------------------------------------------------------------------------------------+
|  Step 30 Change LastDate |                                                                                                           12/10/27 21:09:50 |
+--------------------------+-----------------------------------------------------------------------------------------------------------------------------+
|  Step 30 History         |00001,00005,00000,00001,00005,00000,
+--------------------------+-----------------------------------------------------------------------------------------------------------------------------+
|  Step 31 Change LastDate |                                                                                                                             |
+--------------------------+-----------------------------------------------------------------------------------------------------------------------------+
|  Step 31 History         |                                                                                                                             |
+--------------------------+-----------------------------------------------------------------------------------------------------------------------------+
|  Step 32 Change LastDate |                                                                                                                             |
+--------------------------+-----------------------------------------------------------------------------------------------------------------------------+
|  Step 32 History         |                                                                                                                             |
+--------------------------+-----------------------------------------------------------------------------------------------------------------------------+
|  Step 33 Change LastDate |                                                                                                                             |
+--------------------------+-----------------------------------------------------------------------------------------------------------------------------+
|  Step 33 History         |                                                                                                                             |
+--------------------------+-----------------------------------------------------------------------------------------------------------------------------+
|  Step 34 Change LastDate |                                                                                                                             |
+--------------------------+-----------------------------------------------------------------------------------------------------------------------------+
|  Step 34 History         |                                                                                                                             |
+--------------------------+-----------------------------------------------------------------------------------------------------------------------------+
|  Step 35 Change LastDate |                                                                                                                             |
+--------------------------+-----------------------------------------------------------------------------------------------------------------------------+
|  Step 35 History         |                                                                                                                             |
+--------------------------+-----------------------------------------------------------------------------------------------------------------------------+
|  Step 36 Change LastDate |                                                                                                                             |
+--------------------------+-----------------------------------------------------------------------------------------------------------------------------+
|  Step 36 History         |                                                                                                                             |
+--------------------------+-----------------------------------------------------------------------------------------------------------------------------+
|  Step 37 Change LastDate |                                                                                                                             |
+--------------------------+-----------------------------------------------------------------------------------------------------------------------------+
|  Step 37 History         |                                                                                                                             |
+--------------------------+-----------------------------------------------------------------------------------------------------------------------------+
|  Step 38 Change LastDate |                                                                                                                             |
+--------------------------+-----------------------------------------------------------------------------------------------------------------------------+
|  Step 38 History         |                                                                                                                             |
+--------------------------+-----------------------------------------------------------------------------------------------------------------------------+
|  Step 39 Change LastDate |                                                                                                                             |
+--------------------------+-----------------------------------------------------------------------------------------------------------------------------+
|  Step 39 History         |                                                                                                                             |
+--------------------------+-----------------------------------------------------------------------------------------------------------------------------+
|  Step 40 Change LastDate |                                                                                                                             |
+--------------------------+-----------------------------------------------------------------------------------------------------------------------------+
|  Step 40 History         |                                                                                                                             |
+--------------------------+-----------------------------------------------------------------------------------------------------------------------------+
|  Step 41 Change LastDate |                                                                                                           12/10/27 21:09:36 |
+--------------------------+-----------------------------------------------------------------------------------------------------------------------------+
|  Step 41 History         |00001,00002,00003,00004,00000,00001,00002,00007,00008,00000,00001,00002,00000,00007,00008,00000,
+--------------------------+-----------------------------------------------------------------------------------------------------------------------------+
|  Step 42 Change LastDate |                                                                                                           12/10/27 21:09:40 |
+--------------------------+-----------------------------------------------------------------------------------------------------------------------------+
|  Step 42 History         |00001,00002,00000,00003,00004,00001,00002,00007,00008,00000,
+--------------------------+-----------------------------------------------------------------------------------------------------------------------------+
|  Step 43 Change LastDate |                                                                                                           12/10/27 21:09:51 |
+--------------------------+-----------------------------------------------------------------------------------------------------------------------------+
|  Step 43 History         |00001,00002,00003,00004,
+--------------------------+-----------------------------------------------------------------------------------------------------------------------------+
|  Step 44 Change LastDate |                                                                                                                             |
+--------------------------+-----------------------------------------------------------------------------------------------------------------------------+
|  Step 44 History         |                                                                                                                             |
+--------------------------+-----------------------------------------------------------------------------------------------------------------------------+
|  Step 45 Change LastDate |                                                                                                                             |
+--------------------------+-----------------------------------------------------------------------------------------------------------------------------+
|  Step 45 History         |                                                                                                                             |
+--------------------------+-----------------------------------------------------------------------------------------------------------------------------+
|  Step 46 Change LastDate |                                                                                                                             |
+--------------------------+-----------------------------------------------------------------------------------------------------------------------------+
|  Step 46 History         |                                                                                                                             |
+--------------------------+-----------------------------------------------------------------------------------------------------------------------------+
|  Step 47 Change LastDate |                                                                                                                             |
+--------------------------+-----------------------------------------------------------------------------------------------------------------------------+
|  Step 47 History         |                                                                                                                             |
+--------------------------+-----------------------------------------------------------------------------------------------------------------------------+
|  Step 48 Change LastDate |                                                                                                                             |
+--------------------------+-----------------------------------------------------------------------------------------------------------------------------+
|  Step 48 History         |                                                                                                                             |
+--------------------------+-----------------------------------------------------------------------------------------------------------------------------+
|  Step 49 Change LastDate |                                                                                                                             |
+--------------------------+-----------------------------------------------------------------------------------------------------------------------------+
|  Step 49 History         |                                                                                                                             |
+--------------------------+-----------------------------------------------------------------------------------------------------------------------------+
|  Step 50 Change LastDate |                                                                                                                             |
+--------------------------+-----------------------------------------------------------------------------------------------------------------------------+
|  Step 50 History         |                                                                                                                             |
+--------------------------+-----------------------------------------------------------------------------------------------------------------------------+
|  Step 51 Change LastDate |                                                                                                                             |
+--------------------------+-----------------------------------------------------------------------------------------------------------------------------+
|  Step 51 History         |                                                                                                                             |
+--------------------------+-----------------------------------------------------------------------------------------------------------------------------+
|  Step 52 Change LastDate |                                                                                                                             |
+--------------------------+-----------------------------------------------------------------------------------------------------------------------------+
|  Step 52 History         |                                                                                                                             |
+--------------------------+-----------------------------------------------------------------------------------------------------------------------------+
|  Step 53 Change LastDate |                                                                                                                             |
+--------------------------+-----------------------------------------------------------------------------------------------------------------------------+
|  Step 53 History         |                                                                                                                             |
+--------------------------+-----------------------------------------------------------------------------------------------------------------------------+
|  Step 54 Change LastDate |                                                                                                                             |
+--------------------------+-----------------------------------------------------------------------------------------------------------------------------+
|  Step 54 History         |                                                                                                                             |
+--------------------------+-----------------------------------------------------------------------------------------------------------------------------+
|  Step 55 Change LastDate |                                                                                                                             |
+--------------------------+-----------------------------------------------------------------------------------------------------------------------------+
|  Step 55 History         |                                                                                                                             |
+--------------------------+-----------------------------------------------------------------------------------------------------------------------------+
|  Step 56 Change LastDate |                                                                                                                             |
+--------------------------+-----------------------------------------------------------------------------------------------------------------------------+
|  Step 56 History         |                                                                                                                             |
+--------------------------+-----------------------------------------------------------------------------------------------------------------------------+
|  Step 57 Change LastDate |                                                                                                                             |
+--------------------------+-----------------------------------------------------------------------------------------------------------------------------+
|  Step 57 History         |                                                                                                                             |
+--------------------------+-----------------------------------------------------------------------------------------------------------------------------+
|  Step 58 Change LastDate |                                                                                                                             |
+--------------------------+-----------------------------------------------------------------------------------------------------------------------------+
|  Step 58 History         |                                                                                                                             |
+--------------------------+-----------------------------------------------------------------------------------------------------------------------------+
|  Step 59 Change LastDate |                                                                                                                             |
+--------------------------+-----------------------------------------------------------------------------------------------------------------------------+
|  Step 59 History         |                                                                                                                             |
+--------------------------+-----------------------------------------------------------------------------------------------------------------------------+
|  Step 60 Change LastDate |                                                                                                                             |
+--------------------------+-----------------------------------------------------------------------------------------------------------------------------+
|  Step 60 History         |                                                                                                                             |
+--------------------------+-----------------------------------------------------------------------------------------------------------------------------+
|  Step 61 Change LastDate |                                                                                                                             |
+--------------------------+-----------------------------------------------------------------------------------------------------------------------------+
|  Step 61 History         |                                                                                                                             |
+--------------------------+-----------------------------------------------------------------------------------------------------------------------------+
|  Step 62 Change LastDate |                                                                                                                             |
+--------------------------+-----------------------------------------------------------------------------------------------------------------------------+
|  Step 62 History         |                                                                                                                             |
+--------------------------+-----------------------------------------------------------------------------------------------------------------------------+
|  Step 63 Change LastDate |                                                                                                                             |
+--------------------------+-----------------------------------------------------------------------------------------------------------------------------+
|  Step 63 History         |                                                                                                                             |
+--------------------------+-----------------------------------------------------------------------------------------------------------------------------+
|  Step 64 Change LastDate |                                                                                                                             |
+--------------------------+-----------------------------------------------------------------------------------------------------------------------------+
|  Step 64 History         |                                                                                                                             |
+--------------------------+-----------------------------------------------------------------------------------------------------------------------------+
|  Step 65 Change LastDate |                                                                                                                             |
+--------------------------+-----------------------------------------------------------------------------------------------------------------------------+
|  Step 65 History         |                                                                                                                             |
+--------------------------+-----------------------------------------------------------------------------------------------------------------------------+
|  Step 66 Change LastDate |                                                                                                                             |
+--------------------------+-----------------------------------------------------------------------------------------------------------------------------+
|  Step 66 History         |                                                                                                                             |
+--------------------------+-----------------------------------------------------------------------------------------------------------------------------+
|  Step 67 Change LastDate |                                                                                                                             |
+--------------------------+-----------------------------------------------------------------------------------------------------------------------------+
|  Step 67 History         |                                                                                                                             |
+--------------------------+-----------------------------------------------------------------------------------------------------------------------------+
|  Step 68 Change LastDate |                                                                                                                             |
+--------------------------+-----------------------------------------------------------------------------------------------------------------------------+
|  Step 68 History         |                                                                                                                             |
+--------------------------+-----------------------------------------------------------------------------------------------------------------------------+
|  Step 69 Change LastDate |                                                                                                                             |
+--------------------------+-----------------------------------------------------------------------------------------------------------------------------+
|  Step 69 History         |                                                                                                                             |
+--------------------------+-----------------------------------------------------------------------------------------------------------------------------+
|  Step 70 Change LastDate |                                                                                                                             |
+--------------------------+-----------------------------------------------------------------------------------------------------------------------------+
|  Step 70 History         |                                                                                                                             |
+--------------------------+-----------------------------------------------------------------------------------------------------------------------------+
|  Step 71 Change LastDate |                                                                                                                             |
+--------------------------+-----------------------------------------------------------------------------------------------------------------------------+
|  Step 71 History         |                                                                                                                             |
+--------------------------+-----------------------------------------------------------------------------------------------------------------------------+
|  Step 72 Change LastDate |                                                                                                                             |
+--------------------------+-----------------------------------------------------------------------------------------------------------------------------+
|  Step 72 History         |                                                                                                                             |
+--------------------------+-----------------------------------------------------------------------------------------------------------------------------+
|  Step 73 Change LastDate |                                                                                                                             |
+--------------------------+-----------------------------------------------------------------------------------------------------------------------------+
|  Step 73 History         |                                                                                                                             |
+--------------------------+-----------------------------------------------------------------------------------------------------------------------------+
|  Step 74 Change LastDate |                                                                                                                             |
+--------------------------+-----------------------------------------------------------------------------------------------------------------------------+
|  Step 74 History         |                                                                                                                             |
+--------------------------+-----------------------------------------------------------------------------------------------------------------------------+
|  Step 75 Change LastDate |                                                                                                                             |
+--------------------------+-----------------------------------------------------------------------------------------------------------------------------+
|  Step 75 History         |                                                                                                                             |
+--------------------------+-----------------------------------------------------------------------------------------------------------------------------+
|  Step 76 Change LastDate |                                                                                                                             |
+--------------------------+-----------------------------------------------------------------------------------------------------------------------------+
|  Step 76 History         |                                                                                                                             |
+--------------------------+-----------------------------------------------------------------------------------------------------------------------------+
|  Step 77 Change LastDate |                                                                                                                             |
+--------------------------+-----------------------------------------------------------------------------------------------------------------------------+
|  Step 77 History         |                                                                                                                             |
+--------------------------+-----------------------------------------------------------------------------------------------------------------------------+
|  Step 78 Change LastDate |                                                                                                                             |
+--------------------------+-----------------------------------------------------------------------------------------------------------------------------+
|  Step 78 History         |                                                                                                                             |
+--------------------------+-----------------------------------------------------------------------------------------------------------------------------+
|  Step 79 Change LastDate |                                                                                                                             |
+--------------------------+-----------------------------------------------------------------------------------------------------------------------------+
|  Step 79 History         |                                                                                                                             |
+--------------------------+-----------------------------------------------------------------------------------------------------------------------------+
|  Step 80 Change LastDate |                                                                                                                             |
+--------------------------+-----------------------------------------------------------------------------------------------------------------------------+
|  Step 80 History         |                                                                                                                             |
+--------------------------+-----------------------------------------------------------------------------------------------------------------------------+
|  Step 81 Change LastDate |                                                                                                                             |
+--------------------------+-----------------------------------------------------------------------------------------------------------------------------+
|  Step 81 History         |                                                                                                                             |
+--------------------------+-----------------------------------------------------------------------------------------------------------------------------+
|  Step 82 Change LastDate |                                                                                                                             |
+--------------------------+-----------------------------------------------------------------------------------------------------------------------------+
|  Step 82 History         |                                                                                                                             |
+--------------------------+-----------------------------------------------------------------------------------------------------------------------------+
|  Step 83 Change LastDate |                                                                                                                             |
+--------------------------+-----------------------------------------------------------------------------------------------------------------------------+
|  Step 83 History         |                                                                                                                             |
+--------------------------+-----------------------------------------------------------------------------------------------------------------------------+
|  Step 84 Change LastDate |                                                                                                                             |
+--------------------------+-----------------------------------------------------------------------------------------------------------------------------+
|  Step 84 History         |                                                                                                                             |
+--------------------------+-----------------------------------------------------------------------------------------------------------------------------+
|  Step 85 Change LastDate |                                                                                                                             |
+--------------------------+-----------------------------------------------------------------------------------------------------------------------------+
|  Step 85 History         |                                                                                                                             |
+--------------------------+-----------------------------------------------------------------------------------------------------------------------------+
|  Step 86 Change LastDate |                                                                                                                             |
+--------------------------+-----------------------------------------------------------------------------------------------------------------------------+
|  Step 86 History         |                                                                                                                             |
+--------------------------+-----------------------------------------------------------------------------------------------------------------------------+
